156
8534
156
152
2
45
854
1856168
685
153
9646
153
2
6385
1865
186
789456
156
1
56
465
53
6745
2345
3
3
345
5467
2
456
456856
156
8534
156
152
2
45
854
1856168
685
153
9646
153
2
6385
1865
186
789456
156
1
56
465
53
6745
2345
3
3
345
5467
2
456
456856
156
8534
156
152
2
45
854
1856168
685
153
9646
153
2
6385
1865
186
789456
156
1
56
465
53
6745
2345
3
3
345
5467
2
456
456856
156
8534
156
152
2
45
854
1856168
685
153
9646
153
2
6385
1865
186
789456
156
1
56
465
53
6745
2345
3
3
345
5467
2
456
456856
156
8534
156
152
2
45
854
1856168
685
153
9646
153
2
6385
1865
186
789456
156
1
56
465
53
6745
2345
3
3
345
5467
2
456
456856
156
8534
156
152
2
45
854
1856168
685
153
9646
153
2
6385
1865
186
789456
156
1
56
465
53
6745
2345
3
3
345
5467
2
456
456856
156
8534
156
152
2
45
854
1856168
685
153
9646
153
2
6385
1865
186
789456
156
1
56
465
53
6745
2345
3
3
345
5467
2
456
456856
156
8534
156
152
2
45
854
1856168
685
153
9646
153
2
6385
1865
186
789456
156
1
56
465
53
6745
2345
3
3
345
5467
2
456
456856
156
8534
156
152
2
45
854
1856168
685
153
9646
153
2
6385
1865
186
789456
156
1
56
465
53
6745
2345
3
3
345
5467
2
456
456856
156
8534
156
152
2
45
854
1856168
685
153
9646
153
2
6385
1865
186
789456
156
1
56
465
53
6745
2345
3
3
345
5467
2
456
456856
156
8534
156
152
2
45
854
1856168
685
153
9646
153
2
6385
1865
186
789456
156
1
56
465
53
6745
2345
3
3
345
5467
2
456
456856
156
8534
156
152
2
45
854
1856168
685
153
9646
153
2
6385
1865
186
789456
156
1
56
465
53
6745
2345
3
3
345
5467
2
456
456856
156
8534
156
152
2
45
854
1856168
685
153
9646
153
2
6385
1865
186
789456
156
1
56
465
53
6745
2345
3
3
345
5467
2
456
456856
156
8534
156
152
2
45
854
1856168
685
153
9646
153
2
6385
1865
186
789456
156
1
56
465
53
6745
2345
3
3
345
5467
2
456
456856
156
8534
156
152
2
45
854
1856168
685
153
9646
153
2
6385
1865
186
789456
156
1
56
465
53
6745
2345
3
3
345
5467
2
456
456856
156
8534
156
152
2
45
854
1856168
685
153
9646
153
2
6385
1865
186
789456
156
1
56
465
53
6745
2345
3
3
345
5467
2
456
456856
156
8534
156
152
2
45
854
1856168
685
153
9646
153
2
6385
1865
186
789456
156
1
56
465
53
6745
2345
3
3
345
5467
2
456
456856
156
8534
156
152
2
45
854
1856168
685
153
9646
153
2
6385
1865
186
789456
156
1
56
465
53
6745
2345
3
3
345
5467
2
456
456856
156
8534
156
152
2
45
854
1856168
685
153
9646
153
2
6385
1865
186
789456
156
1
56
465
53
6745
2345
3
3
345
5467
2
456
456856
156
8534
156
152
2
45
854
1856168
685
153
9646
153
2
6385
1865
186
789456
156
1
56
465
53
6745
2345
3
3
345
5467
2
456
456856